=> Inside the reconstruction function
=> Drawing the read signal
=> Slider value = 
=> 2
=> Fourier 2D
=> [[ 16.20563147-0.j -16.20563147-0.j]
 [ 12.67694477-0.j -12.66693476-0.j]
 [  1.28364114-0.j  -1.26362112-0.j]
 ...
 [  0.41990258-0.j   9.5600774 -0.j]
 [ 13.77715371-0.j  -3.78716372-0.j]
 [ 21.20563147-0.j -11.20563147-0.j]]
=> Frequencies
=> <map object at 0x00000207D3AE4540>
=> Fmax = 
=> 21
=> samplingInterval = 
=> 0.023809523809523808
=> number of Samples = 
=> 210
=> Sampled amplitude array
=> [16.205631256103516, 0, 0, 0, -12.028818130493164, 0, 0, 0, 3.226145029067993, 0, 0, 0, 6.827639102935791, 0, 0, 0, -14.272638320922852, 0, 0, 0, 16.2458438873291, 0, 0, 0, -11.98219108581543, 0, 0, 0, 3.111177444458008, 0, 0, 0, 6.96596622467041, 0, 0, 0, -14.380454063415527, 0, 0, 0, 16.281362533569336, 0, 0, 0, -11.931905746459961, 0, 0, 0, 2.994997262954712, 0, 0, 0, 7.102590560913086, 0, 0, 0, -14.484304428100586, 0, 0, 0, 16.312177658081055, 0, 0, 0, -11.877992630004883, 0, 0, 0, 2.8776607513427734, 0, 0, 0, 7.237452507019043, 0, 0, 0, -14.584151268005371, 0, 0, 0, 16.338289260864258, 0, 0, 0, -11.820483207702637, 0, 0, 0, 2.7592246532440186, 0, 0, 0, 7.370492458343506, 0, 0, 0, -14.679952621459961, 0, 0, 0, 16.359689712524414, 0, 0, 0, -11.759410858154297, 0, 0, 0, 2.6397457122802734, 0, 0, 0, 7.501651763916016, 0, 0, 0, -14.771673202514648, 0, 0, 0, 16.37637710571289, 0, 0, 0, -11.694809913635254, 0, 0, 0, 2.5192818641662598, 0, 0, 0, 7.630871772766113, 0, 0, 0, -14.859274864196777, 0, 0, 0, 16.388351440429688, 0, 0, 0, -11.626715660095215, 0, 0, 0, 2.397890567779541, 0, 0, 0, 7.758094787597656, 0, 0, 0, -14.94272232055664, 0, 0, 0, 16.395612716674805, 0, 0, 0, -11.555164337158203, 0, 0, 0, 2.275629997253418, 0, 0, 0, 7.883263111114502, 0, 0, 0, -15.021981239318848, 0, 0, 0, 16.398164749145508, 0, 0, 0, -11.480195045471191, 0, 0, 0, 2.1525585651397705, 0, 0, 0, 8.00632095336914, 0, 0, 0, -15.097020149230957, 0, 0, 0, 16.39600944519043, 0, 0, 0, -11.401844024658203, 0, 0, 0, 2.0287351608276367, 0, 0, 0, 8.127211570739746, 0, 0, 0, -15.167805671691895, 0, 0, 0, 16.38915252685547, 0, 0, 0, -11.32015323638916, 0, 0, 0, 1.9042189121246338, 0, 0, 0, 8.245880126953125, 0, 0, 0, -15.234309196472168, 0, 0, 0, 16.377601623535156, 0, 0, 0, -11.235162734985352, 0, 0, 0, 1.7790687084197998, 0, 0, 0, 8.362272262573242, 0, 0, 0, -15.296500205993652, 0, 0, 0, 16.36136245727539, 0, 0, 0, -11.1469144821167, 0, 0, 0, 1.6533442735671997, 0, 0, 0, 8.476333618164062, 0, 0, 0, -15.354353904724121, 0, 0, 0, 16.3404483795166, 0, 0, 0, -11.055451393127441, 0, 0, 0, 1.5271052122116089, 0, 0, 0, 8.588010787963867, 0, 0, 0, -15.407841682434082, 0, 0, 0, 16.31486701965332, 0, 0, 0, -10.960817337036133, 0, 0, 0, 1.4004113674163818, 0, 0, 0, 8.69725227355957, 0, 0, 0, -15.456939697265625, 0, 0, 0, 16.284631729125977, 0, 0, 0, -10.863058090209961, 0, 0, 0, 1.273322582244873, 0, 0, 0, 8.80400562286377, 0, 0, 0, -15.501625061035156, 0, 0, 0, 16.249759674072266, 0, 0, 0, -10.762219429016113, 0, 0, 0, 1.1458991765975952, 0, 0, 0, 8.908219337463379, 0, 0, 0, -15.541875839233398, 0, 0, 0, 16.210262298583984, 0, 0, 0, -10.658348083496094, 0, 0, 0, 1.018201231956482, 0, 0, 0, 9.009844779968262, 0, 0, 0, -15.57767105102539, 0, 0, 0, 16.16615867614746, 0, 0, 0, -10.551491737365723, 0, 0, 0, 0.8902890086174011, 0, 0, 0, 9.108832359313965, 0, 0, 0, -15.608992576599121, 0, 0, 0, 16.11746597290039, 0, 0, 0, -10.441699981689453, 0, 0, 0, 0.7622228860855103, 0, 0, 0, 9.205133438110352, 0, 0, 0, -15.635821342468262, 0, 0, 0, 16.064207077026367, 0, 0, 0, -10.329021453857422, 0, 0, 0, 0.6340633034706116, 0, 0, 0, 9.298700332641602, 0, 0, 0, -15.65814208984375, 0, 0, 0, 16.00640106201172, 0, 0, 0, -10.213508605957031, 0, 0, 0, 0.5058704614639282, 0, 0, 0, 9.389487266540527, 0, 0, 0, -15.675939559936523, 0, 0, 0, 15.944069862365723, 0, 0, 0, -10.09521198272705, 0, 0, 0, 0.3777048885822296, 0, 0, 0, 9.477447509765625, 0, 0, 0, -15.689201354980469, 0, 0, 0, 15.877239227294922, 0, 0, 0, -9.974184036254883, 0, 0, 0, 0.2496267855167389, 0, 0, 0, 9.562536239624023, 0, 0, 0, -15.697914123535156, 0, 0, 0, 15.80593490600586, 0, 0, 0, -9.850478172302246, 0, 0, 0, 0.12169642746448517, 0, 0, 0, 9.644710540771484, 0, 0, 0, -15.702068328857422, 0, 0, 0, 15.730184555053711, 0, 0, 0, -9.72414779663086, 0, 0, 0, -0.006026041693985462, 0, 0, 0, 9.723926544189453, 0, 0, 0, -15.701655387878418, 0, 0, 0, 15.650014877319336, 0, 0, 0, -9.59524917602539, 0, 0, 0, -0.13348057866096497, 0, 0, 0, 9.800143241882324, 0, 0, 0, -15.696666717529297, 0, 0, 0, 15.56545639038086, 0, 0, 0, -9.463836669921875, 0, 0, 0, -0.2606072723865509, 0, 0, 0, 9.873318672180176, 0, 0, 0, -15.68709659576416, 0, 0, 0, 15.476539611816406, 0, 0, 0, -9.329967498779297, 0, 0, 0, -0.38734641671180725, 0, 0, 0, 9.943413734436035, 0, 0, 0, -15.672941207885742, 0, 0, 0, 15.383298873901367, 0, 0, 0, -9.193697929382324, 0, 0, 0, -0.513638436794281, 0, 0, 0, 10.010390281677246, 0, 0, 0, -15.654196739196777, 0, 0, 0, 15.285767555236816, 0, 0, 0, -9.055087089538574, 0, 0, 0, -0.6394239664077759, 0, 0, 0, 10.07420825958252, 0, 0, 0, -15.63086223602295, 0, 0, 0, 15.183979988098145, 0, 0, 0, -8.914193153381348, 0, 0, 0, -0.7646439075469971, 0, 0, 0, 10.134832382202148, 0, 0, 0, -15.602936744689941, 0, 0, 0, 15.077973365783691, 0, 0, 0, -8.771074295043945, 0, 0, 0, -0.8892393708229065, 0, 0, 0, 10.192227363586426, 0, 0, 0, -15.57042121887207, 0, 0, 0, 14.967785835266113, 0, 0, 0, -8.6257905960083, 0, 0, 0, -1.0131518840789795, 0, 0, 0, 10.246356964111328, 0, 0, 0, -15.533319473266602, 0, 0, 0, 14.853455543518066, 0, 0, 0, -8.47840404510498, 0, 0, 0, -1.1363229751586914, 0, 0, 0, 10.297189712524414, 0, 0, 0, -15.491636276245117, 0, 0, 0, 14.735024452209473, 0, 0, 0, -8.328973770141602, 0, 0, 0, -1.2586948871612549, 0, 0, 0, 10.344691276550293, 0, 0, 0, -15.4453763961792, 0, 0, 0, 14.612533569335938, 0, 0, 0, -8.17756175994873, 0, 0, 0, -1.3802098035812378, 0, 0, 0, 10.388832092285156, 0, 0, 0, -15.394546508789062, 0, 0, 0, 14.4860258102417, 0, 0, 0, -8.024231910705566, 0, 0, 0, -1.5008106231689453, 0, 0, 0, 10.429580688476562, 0, 0, 0, -15.339157104492188, 0, 0, 0, 14.355545043945312, 0, 0, 0, -7.869044303894043, 0, 0, 0, -1.6204406023025513, 0, 0, 0, 10.46690845489502, 0, 0, 0, -15.279216766357422, 0, 0, 0, 14.221138000488281, 0, 0, 0, -7.712064266204834, 0, 0, 0, -1.7390429973602295, 0, 0, 0, 10.500787734985352, 0, 0, 0, -15.214738845825195, 0, 0, 0, 14.082850456237793, 0, 0, 0, -7.553354263305664, 0, 0, 0, -1.8565621376037598, 0, 0, 0, 10.531192779541016, 0, 0, 0, -15.145734786987305, 0, 0, 0, 13.940731048583984, 0, 0, 0, -7.392979145050049, 0, 0, 0, -1.9729422330856323, 0, 0, 0, 10.558096885681152, 0, 0, 0, -15.072220802307129, 0, 0, 0, 13.794828414916992, 0, 0, 0, -7.231003284454346, 0, 0, 0, -2.0881283283233643, 0, 0, 0, 10.581477165222168, 0, 0, 0, -14.994211196899414, 0, 0, 0, 13.64519214630127, 0, 0, 0, -7.067491054534912, 0, 0, 0, -2.202065944671631, 0, 0, 0, 10.601309776306152, 0, 0, 0, -14.911725044250488, 0, 0, 0, 13.491874694824219, 0, 0, 0, -6.902508735656738, 0, 0, 0, -2.3147008419036865, 0, 0, 0, 10.617571830749512, 0, 0, 0, -14.82478141784668, 0, 0, 0, 13.334928512573242, 0, 0, 0, -6.73612117767334, 0, 0, 0, -2.4259798526763916, 0, 0, 0, 10.630245208740234, 0, 0, 0, -14.733400344848633, 0, 0, 0, 13.174406051635742, 0, 0, 0, -6.568395137786865, 0, 0, 0, -2.5358498096466064, 0, 0, 0, 10.639309883117676, 0, 0, 0, -14.637602806091309, 0, 0, 0, 13.010363578796387, 0, 0, 0, -6.399396896362305, 0, 0, 0, -2.644258499145508, 0, 0, 0, 10.644746780395508, 0, 0, 0, -14.537413597106934, 0, 0, 0, 12.842855453491211, 0, 0, 0, -6.22919225692749, 0, 0, 0, -2.7511539459228516, 0, 0, 0, 10.646539688110352, 0, 0, 0, -14.432856559753418, 0, 0, 0]
=> sucessfully finished the sampling
=> choose blue for the sampled
=> Passed by the draw call of the samples
=> Reading file
=> The user opened a file
=> Slider value = 
=> 3
=> Fourier 2D
=> [[ 16.20563147-0.j -16.20563147-0.j]
 [ 12.67694477-0.j -12.66693476-0.j]
 [  1.28364114-0.j  -1.26362112-0.j]
 ...
 [  0.41990258-0.j   9.5600774 -0.j]
 [ 13.77715371-0.j  -3.78716372-0.j]
 [ 21.20563147-0.j -11.20563147-0.j]]
=> Frequencies
=> <map object at 0x00000207D3AE4180>
=> Fmax = 
=> 21
=> samplingInterval = 
=> 0.015873015873015872
=> number of Samples = 
=> 315
=> Sampled amplitude array
=> [16.205631256103516, 0, 0, -9.396659851074219, 0, 0, 2.4852569103240967, 0, 0, -2.856485366821289, 0, 0, 6.827639102935791, 0, 0, -5.029282569885254, 0, 0, -4.305572509765625, 0, 0, 12.497673034667969, 0, 0, -11.98219108581543, 0, 0, 6.377582550048828, 0, 0, -5.218404293060303, 0, 0, 10.639134407043457, 0, 0, -14.380454063415527, 0, 0, 9.249425888061523, 0, 0, 0.7701665163040161, 0, 0, -5.712014675140381, 0, 0, 2.994997262954712, 0, 0, -0.5741867423057556, 0, 0, 5.570981025695801, 0, 0, -14.09325122833252, 0, 0, 16.312177658081055, 0, 0, -9.825667381286621, 0, 0, 2.9062302112579346, 0, 0, -3.1625940799713135, 0, 0, 7.237452507019043, 0, 0, -5.723917007446289, 0, 0, -3.503824472427368, 0, 0, 11.955365180969238, 0, 0, -11.820483207702637, 0, 0, 6.365455150604248, 0, 0, -5.134734630584717, 0, 0, 10.60035228729248, 0, 0, -14.679952621459961, 0, 0, 9.930087089538574, 0, 0, 0.01889585517346859, 0, 0, -5.18640661239624, 0, 0, 2.6397457122802734, 0, 0, -0.1336144208908081, 0, 0, 5.013120174407959, 0, 0, -13.715367317199707, 0, 0, 16.37637710571289, 0, 0, -10.222491264343262, 0, 0, 3.3075480461120605, 0, 0, -3.4528510570526123, 0, 0, 7.630871772766113, 0, 0, -6.410157203674316, 0, 0, -2.691462516784668, 0, 0, 11.385082244873047, 0, 0, -11.626715660095215, 0, 0, 6.326226234436035, 0, 0, -5.024639129638672, 0, 0, 10.52812385559082, 0, 0, -14.94272232055664, 0, 0, 10.58482837677002, 0, 0, -0.7258024215698242, 0, 0, -4.654197692871094, 0, 0, 2.275629997253418, 0, 0, 0.317653089761734, 0, 0, 4.433226585388184, 0, 0, -13.300103187561035, 0, 0, 16.398164749145508, 0, 0, -10.586260795593262, 0, 0, 3.6880319118499756, 0, 0, -3.7259902954101562, 0, 0, 8.00632095336914, 0, 0, -7.0859456062316895, 0, 0, -1.8706861734390259, 0, 0, 10.788537979125977, 0, 0, -11.401844024658203, 0, 0, 6.260338306427002, 0, 0, -4.888334274291992, 0, 0, 10.422276496887207, 0, 0, -15.167805671691895, 0, 0, 11.211885452270508, 0, 0, -1.4618632793426514, 0, 0, -4.117225646972656, 0, 0, 1.9042189121246338, 0, 0, 0.7780523896217346, 0, 0, 3.832828998565674, 0, 0, -12.848465919494629, 0, 0, 16.377601623535156, 0, 0, -10.916213989257812, 0, 0, 4.046584129333496, 0, 0, -3.9808096885681152, 0, 0, 8.362272262573242, 0, 0, -7.749241828918457, 0, 0, -1.0437215566635132, 0, 0, 10.167520523071289, 0, 0, -11.1469144821167, 0, 0, 6.168330669403076, 0, 0, -4.726134777069092, 0, 0, 10.282747268676758, 0, 0, -15.354353904724121, 0, 0, 11.809572219848633, 0, 0, -2.187258005142212, 0, 0, -3.577329397201538, 0, 0, 1.5271052122116089, 0, 0, 1.2459765672683716, 0, 0, 3.213529348373413, 0, 0, -12.361570358276367, 0, 0, 16.31486701965332, 0, 0, -11.211698532104492, 0, 0, 4.382192134857178, 0, 0, -4.216174602508545, 0, 0, 8.69725227355957, 0, 0, -8.398033142089844, 0, 0, -0.2128152847290039, 0, 0, 9.523879051208496, 0, 0, -10.863058090209961, 0, 0, 6.050833702087402, 0, 0, -4.538452625274658, 0, 0, 10.109580993652344, 0, 0, -15.501625061035156, 0, 0, 12.376287460327148, 0, 0, -2.900001049041748, 0, 0, -3.0363411903381348, 0, 0, 1.1458991765975952, 0, 0, 1.7197802066802979, 0, 0, 2.577000856399536, 0, 0, -11.84063720703125, 0, 0, 16.210262298583984, 0, 0, -11.472167015075684, 0, 0, 4.6939311027526855, 0, 0, -4.431022644042969, 0, 0, 9.009844779968262, 0, 0, -9.030336380004883, 0, 0, 0.6197728514671326, 0, 0, 8.859521865844727, 0, 0, -10.551491737365723, 0, 0, 5.908566951751709, 0, 0, -4.325797080993652, 0, 0, 9.902929306030273, 0, 0, -15.608992576599121, 0, 0, 12.910520553588867, 0, 0, -3.5981550216674805, 0, 0, -2.4960832595825195, 0, 0, 0.7622228860855103, 0, 0, 2.197784900665283, 0, 0, 1.9249807596206665, 0, 0, -11.286985397338867, 0, 0, 16.064207077026367, 0, 0, -11.697187423706055, 0, 0, 4.980965614318848, 0, 0, -4.624366283416748, 0, 0, 9.298700332641602, 0, 0, -9.644207954406738, 0, 0, 1.4517760276794434, 0, 0, 8.176409721374512, 0, 0, -10.213508605957031, 0, 0, 5.74233865737915, 0, 0, -4.088771820068359, 0, 0, 9.663056373596191, 0, 0, -15.675939559936523, 0, 0, 13.410852432250977, 0, 0, -4.279837131500244, 0, 0, -1.9583598375320435, 0, 0, 0.3777048885822296, 0, 0, 2.6782853603363037, 0, 0, 1.2592668533325195, 0, 0, -10.702035903930664, 0, 0, 15.877239227294922, 0, 0, -11.886438369750977, 0, 0, 5.242554664611816, 0, 0, -4.795297622680664, 0, 0, 9.562536239624023, 0, 0, -10.237748146057129, 0, 0, 2.2809276580810547, 0, 0, 7.476550102233887, 0, 0, -9.850478172302246, 0, 0, 5.553039073944092, 0, 0, -3.8280725479125977, 0, 0, 9.390331268310547, 0, 0, -15.702068328857422, 0, 0, 13.875964164733887, 0, 0, -4.94322395324707, 0, 0, -1.4249522686004639, 0, 0, -0.006026041693985462, 0, 0, 3.1595542430877686, 0, 0, 0.5817114114761353, 0, 0, -10.087297439575195, 0, 0, 15.650014877319336, 0, 0, -12.039708137512207, 0, 0, 5.478051662445068, 0, 0, -4.942992687225342, 0, 0, 9.800143241882324, 0, 0, -10.809106826782227, 0, 0, 3.1049671173095703, 0, 0, 6.761989116668701, 0, 0, -9.463836669921875, 0, 0, 5.341640949249268, 0, 0, -3.544487476348877, 0, 0, 9.085232734680176, 0, 0, -15.68709659576416, 0, 0, 14.304637908935547, 0, 0, -5.586557865142822, 0, 0, -0.8976133465766907, 0, 0, -0.38734641671180725, 0, 0, 3.6398487091064453, 0, 0, -0.10578440129756927, 0, 0, -9.44437313079834, 0, 0, 15.383298873901367, 0, 0, -12.156901359558105, 0, 0, 5.686906337738037, 0, 0, -5.066710948944092, 0, 0, 10.010390281677246, 0, 0, -11.356489181518555, 0, 0, 3.921647548675537, 0, 0, 6.034808158874512, 0, 0, -9.055087089538574, 0, 0, 5.109192848205566, 0, 0, -3.2388925552368164, 0, 0, 8.748347282409668, 0, 0, -15.63086223602295, 0, 0, 14.695760726928711, 0, 0, -6.208150863647461, 0, 0, -0.37806078791618347, 0, 0, -0.7646439075469971, 0, 0, 4.117415904998779, 0, 0, -0.8012760281562805, 0, 0, -8.774947166442871, 0, 0, 15.077973365783691, 0, 0, -12.238031387329102, 0, 0, 5.8686676025390625, 0, 0, -5.165802001953125, 0, 0, 10.192227363586426, 0, 0, -11.878164291381836, 0, 0, 4.7287421226501465, 0, 0, 5.297116756439209, 0, 0, -8.6257905960083, 0, 0, 4.856816291809082, 0, 0, -2.9122490882873535, 0, 0, 8.380365371704102, 0, 0, -15.533319473266602, 0, 0, 15.04832935333252, 0, 0, -6.806389808654785, 0, 0, 0.1320275515317917, 0, 0, -1.1363229751586914, 0, 0, 4.590499401092529, 0, 0, -1.5027812719345093, 0, 0, -8.080782890319824, 0, 0, 14.735024452209473, 0, 0, -12.283224105834961, 0, 0, 6.022983074188232, 0, 0, -5.239705562591553, 0, 0, 10.344691276550293, 0, 0, -12.372466087341309, 0, 0, 5.524049758911133, 0, 0, 4.551044464111328, 0, 0, -8.17756175994873, 0, 0, 4.585701942443848, 0, 0, -2.565601348876953, 0, 0, 7.982081890106201, 0, 0, -15.394546508789062, 0, 0, 15.361449241638184, 0, 0, -7.3797430992126465, 0, 0, 0.6310194134712219, 0, 0, -1.5008106231689453, 0, 0, 5.057343482971191, 0, 0, -2.208286762237549, 0, 0, -7.3637213706970215, 0, 0, 14.355545043945312, 0, 0, -12.292716979980469, 0, 0, 6.149600982666016, 0, 0, -5.287954330444336, 0, 0, 10.46690845489502, 0, 0, -12.83780288696289, 0, 0, 6.305402755737305, 0, 0, 3.7987349033355713, 0, 0, -7.712064266204834, 0, 0, 4.297105312347412, 0, 0, -2.200072765350342, 0, 0, 7.5543951988220215, 0, 0, -15.214738845825195, 0, 0, 15.634344100952148, 0, 0, -7.926760673522949, 0, 0, 1.117333173751831, 0, 0, -1.8565621376037598, 0, 0, 5.516202449798584, 0, 0, -2.9157536029815674, 0, 0, -6.625669479370117, 0, 0, 13.940731048583984, 0, 0, -12.266853332519531, 0, 0, 6.2483696937561035, 0, 0, -5.310175895690918, 0, 0, 10.558096885681152, 0, 0, -13.272658348083496, 0, 0, 7.070672988891602, 0, 0, 3.042341709136963, 0, 0, -7.231003284454346, 0, 0, 3.9923415184020996, 0, 0, -1.8168628215789795, 0, 0, 7.098300933837891, 0, 0, -14.994211196899414, 0, 0, 15.866349220275879, 0, 0, -8.44608211517334, 0, 0, 1.589443325996399, 0, 0, -2.202065944671631, 0, 0, 5.9653425216674805, 0, 0, -3.6231234073638916, 0, 0, -5.868598937988281, 0, 0, 13.491874694824219, 0, 0, -12.20608901977539, 0, 0, 6.319239616394043, 0, 0, -5.306093692779541, 0, 0, 10.617571830749512, 0, 0, -13.675600051879883, 0, 0, 7.81777811050415, 0, 0, 2.2840182781219482, 0, 0, -6.73612117767334, 0, 0, 3.672780990600586, 0, 0, -1.417242169380188, 0, 0, 6.614893436431885, 0, 0, -14.733400344848633, 0, 0, 16.05691909790039, 0, 0, -8.936439514160156, 0, 0, 2.045884370803833, 0, 0, -2.5358498096466064, 0, 0, 6.403050422668457, 0, 0, -4.3283257484436035, 0, 0, -5.094539642333984, 0, 0, 13.010363578796387, 0, 0, -12.110980987548828, 0, 0, 6.362260341644287, 0, 0, -5.275529861450195, 0, 0, 10.644746780395508, 0, 0, -14.045283317565918, 0, 0, 8.544686317443848, 0, 0, 1.525913953781128, 0, 0, -6.22919225692749, 0, 0, 3.339844226837158, 0, 0, -1.0025495290756226, 0, 0, 6.105360984802246, 0, 0, -14.432856559753418, 0, 0, 16.205631256103516]
=> sucessfully finished the sampling
=> choose blue for the sampled
=> Passed by the draw call of the samples
=> Inside the reconstruction function
=> Inside the update reconstruction function
=> Slider value = 
=> 3
=> Fourier 2D
=> [[ 16.20563147-0.j -16.20563147-0.j]
 [ 12.67694477-0.j -12.66693476-0.j]
 [  1.28364114-0.j  -1.26362112-0.j]
 ...
 [  0.41990258-0.j   9.5600774 -0.j]
 [ 13.77715371-0.j  -3.78716372-0.j]
 [ 21.20563147-0.j -11.20563147-0.j]]
=> Frequencies
=> <map object at 0x00000207D3AE6000>
=> Fmax = 
=> 21
=> samplingInterval = 
=> 0.015873015873015872
=> number of Samples = 
=> 315
=> Sampled amplitude array
=> [16.205631256103516, 0, 0, -9.396659851074219, 0, 0, 2.4852569103240967, 0, 0, -2.856485366821289, 0, 0, 6.827639102935791, 0, 0, -5.029282569885254, 0, 0, -4.305572509765625, 0, 0, 12.497673034667969, 0, 0, -11.98219108581543, 0, 0, 6.377582550048828, 0, 0, -5.218404293060303, 0, 0, 10.639134407043457, 0, 0, -14.380454063415527, 0, 0, 9.249425888061523, 0, 0, 0.7701665163040161, 0, 0, -5.712014675140381, 0, 0, 2.994997262954712, 0, 0, -0.5741867423057556, 0, 0, 5.570981025695801, 0, 0, -14.09325122833252, 0, 0, 16.312177658081055, 0, 0, -9.825667381286621, 0, 0, 2.9062302112579346, 0, 0, -3.1625940799713135, 0, 0, 7.237452507019043, 0, 0, -5.723917007446289, 0, 0, -3.503824472427368, 0, 0, 11.955365180969238, 0, 0, -11.820483207702637, 0, 0, 6.365455150604248, 0, 0, -5.134734630584717, 0, 0, 10.60035228729248, 0, 0, -14.679952621459961, 0, 0, 9.930087089538574, 0, 0, 0.01889585517346859, 0, 0, -5.18640661239624, 0, 0, 2.6397457122802734, 0, 0, -0.1336144208908081, 0, 0, 5.013120174407959, 0, 0, -13.715367317199707, 0, 0, 16.37637710571289, 0, 0, -10.222491264343262, 0, 0, 3.3075480461120605, 0, 0, -3.4528510570526123, 0, 0, 7.630871772766113, 0, 0, -6.410157203674316, 0, 0, -2.691462516784668, 0, 0, 11.385082244873047, 0, 0, -11.626715660095215, 0, 0, 6.326226234436035, 0, 0, -5.024639129638672, 0, 0, 10.52812385559082, 0, 0, -14.94272232055664, 0, 0, 10.58482837677002, 0, 0, -0.7258024215698242, 0, 0, -4.654197692871094, 0, 0, 2.275629997253418, 0, 0, 0.317653089761734, 0, 0, 4.433226585388184, 0, 0, -13.300103187561035, 0, 0, 16.398164749145508, 0, 0, -10.586260795593262, 0, 0, 3.6880319118499756, 0, 0, -3.7259902954101562, 0, 0, 8.00632095336914, 0, 0, -7.0859456062316895, 0, 0, -1.8706861734390259, 0, 0, 10.788537979125977, 0, 0, -11.401844024658203, 0, 0, 6.260338306427002, 0, 0, -4.888334274291992, 0, 0, 10.422276496887207, 0, 0, -15.167805671691895, 0, 0, 11.211885452270508, 0, 0, -1.4618632793426514, 0, 0, -4.117225646972656, 0, 0, 1.9042189121246338, 0, 0, 0.7780523896217346, 0, 0, 3.832828998565674, 0, 0, -12.848465919494629, 0, 0, 16.377601623535156, 0, 0, -10.916213989257812, 0, 0, 4.046584129333496, 0, 0, -3.9808096885681152, 0, 0, 8.362272262573242, 0, 0, -7.749241828918457, 0, 0, -1.0437215566635132, 0, 0, 10.167520523071289, 0, 0, -11.1469144821167, 0, 0, 6.168330669403076, 0, 0, -4.726134777069092, 0, 0, 10.282747268676758, 0, 0, -15.354353904724121, 0, 0, 11.809572219848633, 0, 0, -2.187258005142212, 0, 0, -3.577329397201538, 0, 0, 1.5271052122116089, 0, 0, 1.2459765672683716, 0, 0, 3.213529348373413, 0, 0, -12.361570358276367, 0, 0, 16.31486701965332, 0, 0, -11.211698532104492, 0, 0, 4.382192134857178, 0, 0, -4.216174602508545, 0, 0, 8.69725227355957, 0, 0, -8.398033142089844, 0, 0, -0.2128152847290039, 0, 0, 9.523879051208496, 0, 0, -10.863058090209961, 0, 0, 6.050833702087402, 0, 0, -4.538452625274658, 0, 0, 10.109580993652344, 0, 0, -15.501625061035156, 0, 0, 12.376287460327148, 0, 0, -2.900001049041748, 0, 0, -3.0363411903381348, 0, 0, 1.1458991765975952, 0, 0, 1.7197802066802979, 0, 0, 2.577000856399536, 0, 0, -11.84063720703125, 0, 0, 16.210262298583984, 0, 0, -11.472167015075684, 0, 0, 4.6939311027526855, 0, 0, -4.431022644042969, 0, 0, 9.009844779968262, 0, 0, -9.030336380004883, 0, 0, 0.6197728514671326, 0, 0, 8.859521865844727, 0, 0, -10.551491737365723, 0, 0, 5.908566951751709, 0, 0, -4.325797080993652, 0, 0, 9.902929306030273, 0, 0, -15.608992576599121, 0, 0, 12.910520553588867, 0, 0, -3.5981550216674805, 0, 0, -2.4960832595825195, 0, 0, 0.7622228860855103, 0, 0, 2.197784900665283, 0, 0, 1.9249807596206665, 0, 0, -11.286985397338867, 0, 0, 16.064207077026367, 0, 0, -11.697187423706055, 0, 0, 4.980965614318848, 0, 0, -4.624366283416748, 0, 0, 9.298700332641602, 0, 0, -9.644207954406738, 0, 0, 1.4517760276794434, 0, 0, 8.176409721374512, 0, 0, -10.213508605957031, 0, 0, 5.74233865737915, 0, 0, -4.088771820068359, 0, 0, 9.663056373596191, 0, 0, -15.675939559936523, 0, 0, 13.410852432250977, 0, 0, -4.279837131500244, 0, 0, -1.9583598375320435, 0, 0, 0.3777048885822296, 0, 0, 2.6782853603363037, 0, 0, 1.2592668533325195, 0, 0, -10.702035903930664, 0, 0, 15.877239227294922, 0, 0, -11.886438369750977, 0, 0, 5.242554664611816, 0, 0, -4.795297622680664, 0, 0, 9.562536239624023, 0, 0, -10.237748146057129, 0, 0, 2.2809276580810547, 0, 0, 7.476550102233887, 0, 0, -9.850478172302246, 0, 0, 5.553039073944092, 0, 0, -3.8280725479125977, 0, 0, 9.390331268310547, 0, 0, -15.702068328857422, 0, 0, 13.875964164733887, 0, 0, -4.94322395324707, 0, 0, -1.4249522686004639, 0, 0, -0.006026041693985462, 0, 0, 3.1595542430877686, 0, 0, 0.5817114114761353, 0, 0, -10.087297439575195, 0, 0, 15.650014877319336, 0, 0, -12.039708137512207, 0, 0, 5.478051662445068, 0, 0, -4.942992687225342, 0, 0, 9.800143241882324, 0, 0, -10.809106826782227, 0, 0, 3.1049671173095703, 0, 0, 6.761989116668701, 0, 0, -9.463836669921875, 0, 0, 5.341640949249268, 0, 0, -3.544487476348877, 0, 0, 9.085232734680176, 0, 0, -15.68709659576416, 0, 0, 14.304637908935547, 0, 0, -5.586557865142822, 0, 0, -0.8976133465766907, 0, 0, -0.38734641671180725, 0, 0, 3.6398487091064453, 0, 0, -0.10578440129756927, 0, 0, -9.44437313079834, 0, 0, 15.383298873901367, 0, 0, -12.156901359558105, 0, 0, 5.686906337738037, 0, 0, -5.066710948944092, 0, 0, 10.010390281677246, 0, 0, -11.356489181518555, 0, 0, 3.921647548675537, 0, 0, 6.034808158874512, 0, 0, -9.055087089538574, 0, 0, 5.109192848205566, 0, 0, -3.2388925552368164, 0, 0, 8.748347282409668, 0, 0, -15.63086223602295, 0, 0, 14.695760726928711, 0, 0, -6.208150863647461, 0, 0, -0.37806078791618347, 0, 0, -0.7646439075469971, 0, 0, 4.117415904998779, 0, 0, -0.8012760281562805, 0, 0, -8.774947166442871, 0, 0, 15.077973365783691, 0, 0, -12.238031387329102, 0, 0, 5.8686676025390625, 0, 0, -5.165802001953125, 0, 0, 10.192227363586426, 0, 0, -11.878164291381836, 0, 0, 4.7287421226501465, 0, 0, 5.297116756439209, 0, 0, -8.6257905960083, 0, 0, 4.856816291809082, 0, 0, -2.9122490882873535, 0, 0, 8.380365371704102, 0, 0, -15.533319473266602, 0, 0, 15.04832935333252, 0, 0, -6.806389808654785, 0, 0, 0.1320275515317917, 0, 0, -1.1363229751586914, 0, 0, 4.590499401092529, 0, 0, -1.5027812719345093, 0, 0, -8.080782890319824, 0, 0, 14.735024452209473, 0, 0, -12.283224105834961, 0, 0, 6.022983074188232, 0, 0, -5.239705562591553, 0, 0, 10.344691276550293, 0, 0, -12.372466087341309, 0, 0, 5.524049758911133, 0, 0, 4.551044464111328, 0, 0, -8.17756175994873, 0, 0, 4.585701942443848, 0, 0, -2.565601348876953, 0, 0, 7.982081890106201, 0, 0, -15.394546508789062, 0, 0, 15.361449241638184, 0, 0, -7.3797430992126465, 0, 0, 0.6310194134712219, 0, 0, -1.5008106231689453, 0, 0, 5.057343482971191, 0, 0, -2.208286762237549, 0, 0, -7.3637213706970215, 0, 0, 14.355545043945312, 0, 0, -12.292716979980469, 0, 0, 6.149600982666016, 0, 0, -5.287954330444336, 0, 0, 10.46690845489502, 0, 0, -12.83780288696289, 0, 0, 6.305402755737305, 0, 0, 3.7987349033355713, 0, 0, -7.712064266204834, 0, 0, 4.297105312347412, 0, 0, -2.200072765350342, 0, 0, 7.5543951988220215, 0, 0, -15.214738845825195, 0, 0, 15.634344100952148, 0, 0, -7.926760673522949, 0, 0, 1.117333173751831, 0, 0, -1.8565621376037598, 0, 0, 5.516202449798584, 0, 0, -2.9157536029815674, 0, 0, -6.625669479370117, 0, 0, 13.940731048583984, 0, 0, -12.266853332519531, 0, 0, 6.2483696937561035, 0, 0, -5.310175895690918, 0, 0, 10.558096885681152, 0, 0, -13.272658348083496, 0, 0, 7.070672988891602, 0, 0, 3.042341709136963, 0, 0, -7.231003284454346, 0, 0, 3.9923415184020996, 0, 0, -1.8168628215789795, 0, 0, 7.098300933837891, 0, 0, -14.994211196899414, 0, 0, 15.866349220275879, 0, 0, -8.44608211517334, 0, 0, 1.589443325996399, 0, 0, -2.202065944671631, 0, 0, 5.9653425216674805, 0, 0, -3.6231234073638916, 0, 0, -5.868598937988281, 0, 0, 13.491874694824219, 0, 0, -12.20608901977539, 0, 0, 6.319239616394043, 0, 0, -5.306093692779541, 0, 0, 10.617571830749512, 0, 0, -13.675600051879883, 0, 0, 7.81777811050415, 0, 0, 2.2840182781219482, 0, 0, -6.73612117767334, 0, 0, 3.672780990600586, 0, 0, -1.417242169380188, 0, 0, 6.614893436431885, 0, 0, -14.733400344848633, 0, 0, 16.05691909790039, 0, 0, -8.936439514160156, 0, 0, 2.045884370803833, 0, 0, -2.5358498096466064, 0, 0, 6.403050422668457, 0, 0, -4.3283257484436035, 0, 0, -5.094539642333984, 0, 0, 13.010363578796387, 0, 0, -12.110980987548828, 0, 0, 6.362260341644287, 0, 0, -5.275529861450195, 0, 0, 10.644746780395508, 0, 0, -14.045283317565918, 0, 0, 8.544686317443848, 0, 0, 1.525913953781128, 0, 0, -6.22919225692749, 0, 0, 3.339844226837158, 0, 0, -1.0025495290756226, 0, 0, 6.105360984802246, 0, 0, -14.432856559753418, 0, 0, 16.205631256103516]
=> sucessfully finished the sampling
=> choose blue for the sampled
=> Passed by the draw call of the samples
=> Closing!! BYE 
